850.000000,100.000000,400.000000,180.000000,0.000000,-180.000000,
851.000000,90.000000,400.000000,180.000000,0.000000,-180.000000,
852.000000,89.000000,400.000000,180.000000,0.000000,-180.000000,
853.000000,88.000000,400.000000,180.000000,0.000000,-180.000000,
854.000000,87.000000,400.000000,180.000000,0.000000,-180.000000,
855.000000,86.000000,400.000000,180.000000,0.000000,-180.000000,
856.000000,85.000000,400.000000,180.000000,0.000000,-180.000000,
857.000000,84.000000,400.000000,180.000000,0.000000,-180.000000,
858.000000,83.000000,400.000000,180.000000,0.000000,-180.000000,
859.000000,82.000000,400.000000,180.000000,0.000000,-180.000000,
860.000000,81.000000,400.000000,180.000000,0.000000,-180.000000,
861.000000,80.000000,400.000000,180.000000,0.000000,-180.000000,
862.000000,79.000000,400.000000,180.000000,0.000000,-180.000000,
863.000000,78.000000,400.000000,180.000000,0.000000,-180.000000,
864.000000,77.000000,400.000000,180.000000,0.000000,-180.000000,
865.000000,76.000000,400.000000,180.000000,0.000000,-180.000000,
866.000000,75.000000,400.000000,180.000000,0.000000,-180.000000,
867.000000,74.000000,400.000000,180.000000,0.000000,-180.000000,
868.000000,73.000000,400.000000,180.000000,0.000000,-180.000000,
869.000000,72.000000,400.000000,180.000000,0.000000,-180.000000,
870.000000,71.000000,400.000000,180.000000,0.000000,-180.000000,
871.000000,70.000000,400.000000,180.000000,0.000000,-180.000000,
872.000000,69.000000,400.000000,180.000000,0.000000,-180.000000,
